3 5 50

   0   200     8    80    25
   1    50     8   110    10
   2    25     4    45     5

   0   -5.86  -95.44   68    4    2    5
   1  -40.42  -20.40   92    3    5    1
   2   10.85   62.53   53    3    3    5
   3   87.77  -83.57   98    3    3    5
   4  -16.51   26.57   78    3    2    2

   0  -19.91  -82.21    6  0.07
   1  -22.26  -85.31    3  0.09
   2  -36.38  -86.25   10  0.04
   3  -22.27  -83.72    5  0.03
   4  -35.74  -70.22   20  0.05
   5  -32.56  -71.58   16  0.02
   6  -32.15  -86.34    6  0.10
   7  -38.06  -81.83    2  0.07
   8  -41.84  -27.99    9  0.03
   9  -52.55  -40.02   23  0.06
  10  -58.37  -25.95    4  0.05
  11  -61.21  -24.74    5  0.10
  12  -56.83  -33.08   15  0.02
  13  -59.00  -45.53   22  0.02
  14  -45.75  -54.87    6  0.09
  15  -45.96  -56.52    3  0.07
  16  -44.72  -49.26    4  0.06
  17  -58.83  -35.65    1  0.03
  18   17.39   53.56   19  0.08
  19   25.73   41.56    6  0.07
  20   16.85   52.78   22  0.10
  21    9.64   51.86    1  0.04
  22    8.07   53.86    4  0.05
  23   -1.30   44.30    1  0.04
  24   73.54  -97.69   23  0.01
  25   87.30  -83.48    8  0.04
  26   82.23  -93.99    1  0.08
  27   80.31  -92.37    6  0.03
  28   65.93  -79.60    2  0.04
  29   65.60  -65.41   14  0.02
  30   65.21  -61.23    1  0.08
  31   63.80  -50.94   14  0.08
  32   54.67  -58.97    1  0.06
  33  -82.37   36.46    4  0.04
  34   95.36  -33.03   13  0.02
  35   95.49  -29.01    1  0.07
  36   97.51  -20.99    2  0.03
  37   88.33  -30.05    2  0.09
  38   76.46  -39.39    1  0.09
  39   82.41  -40.86    2  0.07
  40   82.17  -53.19    1  0.06
  41   82.35  -55.57    1  0.05
  42   87.07  -69.62    1  0.01
  43  -16.27   35.97   23  0.06
  44  -30.58   32.25    3  0.09
  45   84.59  -97.38   23  0.02
  46   83.71  -96.08   20  0.10
  47   95.68  -98.41    1  0.05
  48   93.01  -87.85    7  0.06
  49   88.32  -80.50    1  0.08
