8685.68

0 0 0.00 0.00 0 0.00 0.00 0.00 
0 0 0.00 0.00 0 0.00 0.00 0.00 
0 0 0.00 0.00 0 0.00 0.00 0.00 
0 0 0.00 0.00 0 0.00 0.00 0.00 
0 1 0.00 0.00 0 0.00 0.00 0.00 
0 1 0.00 0.00 0 0.00 0.00 0.00 
0 2 72.23 361.17 21 0.30 1.61 1.91 1 3 7 2 2 10 6 6 
0 2 0.00 0.00 0 0.00 0.00 0.00 
0 2 71.63 358.15 22 0.09 1.59 1.68 0 6 5 16 
0 2 78.34 391.68 25 0.08 1.74 1.82 3 5 4 20 
0 2 0.00 0.00 0 0.00 0.00 0.00 
1 0 0.00 0.00 0 0.00 0.00 0.00 
1 0 0.00 0.00 0 0.00 0.00 0.00 
1 0 0.00 0.00 0 0.00 0.00 0.00 
1 1 87.39 873.94 45 0.30 0.79 1.09 8 9 16 4 14 6 15 3 13 22 17 1 
1 1 62.52 625.16 47 0.23 0.57 0.80 10 4 11 5 12 15 9 23 
1 1 0.00 0.00 0 0.00 0.00 0.00 
1 1 0.00 0.00 0 0.00 0.00 0.00 
1 1 0.00 0.00 0 0.00 0.00 0.00 
1 2 0.00 0.00 0 0.00 0.00 0.00 
2 0 0.00 0.00 0 0.00 0.00 0.00 
2 0 0.00 0.00 0 0.00 0.00 0.00 
2 0 0.00 0.00 0 0.00 0.00 0.00 
2 1 0.00 0.00 0 0.00 0.00 0.00 
2 1 0.00 0.00 0 0.00 0.00 0.00 
2 1 0.00 0.00 0 0.00 0.00 0.00 
2 2 23.50 117.49 24 0.18 0.52 0.70 18 2 20 22 
2 2 0.00 0.00 0 0.00 0.00 0.00 
2 2 76.92 384.60 25 0.23 1.71 1.94 21 1 23 1 19 6 18 17 
2 2 18.21 91.05 4 0.05 0.40 0.45 22 4 
2 2 0.00 0.00 0 0.00 0.00 0.00 
3 0 0.00 0.00 0 0.00 0.00 0.00 
3 0 0.00 0.00 0 0.00 0.00 0.00 
3 0 0.00 0.00 0 0.00 0.00 0.00 
3 1 0.00 0.00 0 0.00 0.00 0.00 
3 1 0.00 0.00 0 0.00 0.00 0.00 
3 1 0.00 0.00 0 0.00 0.00 0.00 
3 2 43.43 217.16 25 0.25 0.97 1.22 25 8 46 9 47 1 48 7 
3 2 140.86 704.31 25 0.57 3.13 3.70 42 1 41 1 40 1 38 1 39 2 37 2 36 2 35 1 34 13 49 1 
3 2 28.34 141.71 23 0.02 0.63 0.65 45 23 
3 2 83.73 418.65 25 0.18 1.86 2.04 29 10 30 1 31 14 
3 2 0.00 0.00 0 0.00 0.00 0.00 
4 0 0.00 0.00 0 0.00 0.00 0.00 
4 0 0.00 0.00 0 0.00 0.00 0.00 
4 0 0.00 0.00 0 0.00 0.00 0.00 
4 1 0.00 0.00 0 0.00 0.00 0.00 
4 1 323.79 3237.90 48 0.34 2.94 3.28 29 4 27 6 26 1 46 11 24 23 28 2 32 1 
4 2 18.81 94.03 23 0.06 0.42 0.48 43 23 
4 2 133.73 668.66 7 0.13 2.97 3.10 44 3 33 4 
